3.63e+08 0
3.62961e+08 3.8592e+06
3.62882e+08 7.71798e+06
3.62765e+08 1.15759e+07
3.62608e+08 1.54326e+07
3.62412e+08 1.92877e+07
3.62177e+08 2.31406e+07
3.61903e+08 2.69911e+07
3.6159e+08 3.08386e+07
3.61238e+08 3.46828e+07
3.60847e+08 3.85233e+07
3.60416e+08 4.23596e+07
3.59947e+08 4.61913e+07
3.59439e+08 5.0018e+07
3.58892e+08 5.38394e+07
3.58306e+08 5.76549e+07
3.57682e+08 6.14642e+07
3.57019e+08 6.52668e+07
3.56318e+08 6.90624e+07
3.55578e+08 7.28506e+07
3.54799e+08 7.66308e+07
3.53983e+08 8.04028e+07
3.53128e+08 8.41662e+07
3.52235e+08 8.79204e+07
3.51304e+08 9.16652e+07
3.50335e+08 9.54001e+07
3.49328e+08 9.91246e+07
3.48284e+08 1.02839e+08
3.47202e+08 1.06541e+08
3.46082e+08 1.10233e+08
3.44926e+08 1.13912e+08
3.43732e+08 1.17579e+08
3.42501e+08 1.21234e+08
3.41234e+08 1.24875e+08
3.39929e+08 1.28503e+08
3.38589e+08 1.32118e+08
3.37211e+08 1.35718e+08
3.35798e+08 1.39303e+08
3.34348e+08 1.42873e+08
3.32862e+08 1.46429e+08
3.31341e+08 1.49968e+08
3.29784e+08 1.53491e+08
3.28192e+08 1.56998e+08
3.26565e+08 1.60488e+08
3.24902e+08 1.63961e+08
3.23205e+08 1.67416e+08
3.21473e+08 1.70854e+08
3.19707e+08 1.74273e+08
3.17907e+08 1.77673e+08
3.16073e+08 1.81054e+08
3.14204e+08 1.84417e+08
3.12303e+08 1.87759e+08
3.10368e+08 1.91081e+08
3.084e+08 1.94383e+08
3.06399e+08 1.97665e+08
3.04365e+08 2.00925e+08
3.02299e+08 2.04164e+08
3.00201e+08 2.07381e+08
2.98071e+08 2.10576e+08
2.9591e+08 2.13749e+08
2.93717e+08 2.16899e+08
2.91493e+08 2.20026e+08
2.89237e+08 2.23129e+08
2.86952e+08 2.26209e+08
2.84636e+08 2.29266e+08
2.82289e+08 2.32298e+08
2.79913e+08 2.35305e+08
2.77508e+08 2.38287e+08
2.75073e+08 2.41245e+08
2.72609e+08 2.44177e+08
2.70117e+08 2.47083e+08
2.67596e+08 2.49963e+08
2.65047e+08 2.52817e+08
2.6247e+08 2.55645e+08
2.59865e+08 2.58445e+08
2.57233e+08 2.61219e+08
2.54575e+08 2.63965e+08
2.51889e+08 2.66683e+08
2.49178e+08 2.69374e+08
2.4644e+08 2.72036e+08
2.43677e+08 2.7467e+08
2.40888e+08 2.77276e+08
2.38074e+08 2.79852e+08
2.35235e+08 2.824e+08
2.32372e+08 2.84918e+08
2.29485e+08 2.87406e+08
2.26573e+08 2.89865e+08
2.23639e+08 2.92293e+08
2.20681e+08 2.94692e+08
2.177e+08 2.97059e+08
2.14697e+08 2.99397e+08
2.11672e+08 3.01703e+08
2.08625e+08 3.03978e+08
2.05556e+08 3.06222e+08
2.02467e+08 3.08434e+08
1.99356e+08 3.10614e+08
1.96225e+08 3.12763e+08
1.93074e+08 3.1488e+08
1.89903e+08 3.16964e+08
1.86713e+08 3.19016e+08
1.83503e+08 3.21035e+08
1.80275e+08 3.23022e+08
1.77028e+08 3.24975e+08
1.73764e+08 3.26896e+08
1.70482e+08 3.28783e+08
1.67182e+08 3.30637e+08
1.63865e+08 3.32457e+08
1.60532e+08 3.34243e+08
1.57183e+08 3.35996e+08
1.53817e+08 3.37715e+08
1.50437e+08 3.39399e+08
1.4704e+08 3.4105e+08
1.4363e+08 3.42666e+08
1.40204e+08 3.44247e+08
1.36765e+08 3.45794e+08
1.33312e+08 3.47306e+08
1.29845e+08 3.48784e+08
1.26366e+08 3.50226e+08
1.22874e+08 3.51633e+08
1.19369e+08 3.53006e+08
1.15853e+08 3.54343e+08
1.12325e+08 3.55644e+08
1.08786e+08 3.56911e+08
1.05236e+08 3.58142e+08
1.01676e+08 3.59337e+08
9.81052e+07 3.60497e+08
9.45251e+07 3.61621e+08
9.09356e+07 3.62709e+08
8.73372e+07 3.63761e+08
8.37301e+07 3.64778e+08
8.01148e+07 3.65759e+08
7.64917e+07 3.66703e+08
7.2861e+07 3.67612e+08
6.92232e+07 3.68485e+08
6.55785e+07 3.69321e+08
6.19275e+07 3.70121e+08
5.82705e+07 3.70886e+08
5.46077e+07 3.71614e+08
5.09396e+07 3.72306e+08
4.72666e+07 3.72961e+08
4.3589e+07 3.73581e+08
3.99071e+07 3.74164e+08
3.62214e+07 3.74711e+08
3.25321e+07 3.75221e+08
2.88398e+07 3.75696e+08
2.51446e+07 3.76134e+08
2.1447e+07 3.76536e+08
1.77474e+07 3.76901e+08
1.40461e+07 3.77231e+08
1.03434e+07 3.77524e+08
6.63968e+06 3.77781e+08
2.93536e+06 3.78002e+08
-769243 3.78187e+08
-4.47377e+06 3.78336e+08
-8.17787e+06 3.78448e+08
-1.18812e+07 3.78525e+08
-1.55834e+07 3.78565e+08
-1.92841e+07 3.7857e+08
-2.2983e+07 3.78539e+08
-2.66797e+07 3.78472e+08
-3.03739e+07 3.78369e+08
-3.40652e+07 3.78231e+08
-3.77533e+07 3.78056e+08
-4.14379e+07 3.77847e+08
-4.51186e+07 3.77601e+08
-4.8795e+07 3.77321e+08
-5.24668e+07 3.77005e+08
-5.61338e+07 3.76653e+08
-5.97955e+07 3.76267e+08
-6.34516e+07 3.75845e+08
-6.71018e+07 3.75388e+08
-7.07457e+07 3.74897e+08
-7.43831e+07 3.7437e+08
-7.80136e+07 3.73809e+08
-8.16368e+07 3.73213e+08
-8.52525e+07 3.72582e+08
-8.88603e+07 3.71917e+08
-9.24599e+07 3.71218e+08
-9.6051e+07 3.70485e+08
-9.96332e+07 3.69717e+08
-1.03206e+08 3.68915e+08
-1.0677e+08 3.6808e+08
-1.10324e+08 3.67211e+08
-1.13867e+08 3.66308e+08
-1.17401e+08 3.65371e+08
-1.20923e+08 3.64402e+08
-1.24435e+08 3.63399e+08
-1.27935e+08 3.62363e+08
-1.31423e+08 3.61294e+08
-1.349e+08 3.60192e+08
-1.38364e+08 3.59057e+08
-1.41816e+08 3.5789e+08
-1.45255e+08 3.56691e+08
-1.48681e+08 3.55459e+08
-1.52094e+08 3.54195e+08
-1.55492e+08 3.52899e+08
-1.58877e+08 3.51572e+08
-1.62247e+08 3.50213e+08
-1.65603e+08 3.48822e+08
-1.68944e+08 3.474e+08
-1.7227e+08 3.45947e+08
-1.75581e+08 3.44464e+08
-1.78876e+08 3.42949e+08
-1.82155e+08 3.41404e+08
-1.85417e+08 3.39828e+08
-1.88663e+08 3.38222e+08
-1.91893e+08 3.36586e+08
-1.95105e+08 3.3492e+08
-1.983e+08 3.33225e+08
-2.01478e+08 3.315e+08
-2.04637e+08 3.29746e+08
-2.07779e+08 3.27962e+08
-2.10902e+08 3.2615e+08
-2.14007e+08 3.24309e+08
-2.17093e+08 3.22439e+08
-2.2016e+08 3.20541e+08
-2.23207e+08 3.18615e+08
-2.26235e+08 3.16661e+08
-2.29243e+08 3.14679e+08
-2.32231e+08 3.1267e+08
-2.35199e+08 3.10633e+08
-2.38146e+08 3.08569e+08
-2.41072e+08 3.06479e+08
-2.43978e+08 3.04361e+08
-2.46862e+08 3.02217e+08
-2.49725e+08 3.00047e+08
-2.52566e+08 2.97851e+08
-2.55385e+08 2.95629e+08
-2.58182e+08 2.93382e+08
-2.60957e+08 2.91109e+08
-2.63709e+08 2.88811e+08
-2.66439e+08 2.86488e+08
-2.69145e+08 2.8414e+08
-2.71828e+08 2.81768e+08
-2.74488e+08 2.79372e+08
-2.77125e+08 2.76951e+08
-2.79737e+08 2.74507e+08
-2.82326e+08 2.72039e+08
-2.8489e+08 2.69548e+08
-2.8743e+08 2.67034e+08
-2.89946e+08 2.64497e+08